n:  1   count:  20
n:  2   count:  102
n:  3   count:  356
n:  4   count:  958



*************   1   ***************
1 1 20
1 2 15
1 5 12
1 10 11
2 2 10
2 5 7
2 10 6
3 6 5
3 15 4
4 4 5
4 20 3
5 5 4
5 10 3
6 30 2
10 10 2
11 110 1
12 60 1
14 35 1
15 30 1
20 20 1
*************   2   ***************
1 1 20
1 2 15
1 4 10
1 5 12
1 10 11
1 20 0
1 25 0
1 50 0
1 100 0
2 2 10
2 4 6
2 5 7
2 10 6
2 20 0
2 25 0
2 50 0
2 100 0
3 6 5
3 15 4
3 60 0
3 150 0
4 4 5
4 5 0
4 10 0
4 20 3
4 25 0
4 50 0
4 100 0
5 5 4
5 10 3
5 20 2
5 25 0
5 50 0
5 100 0
6 12 2
6 30 2
6 75 0
6 300 0
7 140 0
8 8 2
8 40 0
8 200 0
10 10 2
10 20 0
10 25 0
10 50 0
10 100 0
11 110 1
12 15 0
12 60 1
12 150 0
13 325 0
14 35 1
15 30 1
15 75 0
15 300 0
17 850 0
18 225 0
20 20 1
20 25 0
20 50 0
20 100 0
21 420 0
22 220 0
24 120 0
25 25 0
25 50 0
25 100 0
26 650 0
28 70 0
30 60 0
30 150 0
34 1700 0
35 700 0
36 45 0
36 450 0
40 40 0
40 200 0
50 50 0
50 100 0
52 1300 0
54 675 0
55 550 0
60 75 0
60 300 0
70 175 0
75 150 0
100 100 0
108 1350 0
110 1100 0
116 725 0
120 600 0
125 500 0
140 350 0
150 300 0
180 225 0
200 200 0
n:  2   count:  97
